      KODE = 5  NTRIAL =   4  T = 320.0000  P =  35136.5      V =  0.00000      Q =  0.00000    
      KODE = 5  NTRIAL =   5  T = 316.5386  P =  32890.1      V =  0.00000      Q =  0.00000    
      KODE = 5  NTRIAL =   4  T = 321.2512  P =  36730.4      V =  0.00000      Q =  0.00000    
